wrote 80 rows to redundancy_trials.csv

trial (median over samples)     n  contigs        C        S        D        F        M     uniq    score  optimal     good   proper
control                        10   88,380      111       76       26       10        4    9,349    0.481    0.558    0.942    0.959
blastn_I12                     10   83,976      106       72       22       12        6    9,400    0.492    0.557    0.933    0.955
candidate                      10   80,428      108       78       18       12        5    9,388    0.518    0.571    0.938    0.959
control_protein                10   87,396      114       75       30        8        4    9,268    0.476    0.556    0.943    0.962
blastn_I12_protein             10   83,506      112       70       24        8        4    9,258    0.491    0.554    0.938    0.959
candidate_protein              10   79,586      112       74       22        8        4    9,263    0.511    0.562    0.935    0.957
twotrack                       10   63,729      113      108        2        6        6    9,391    0.413    0.488    0.827    0.844
blastn_I2                       1  136,012       62       50       12       32       31    9,077    0.458    0.570    0.905    0.930
blastn_I3                       1  139,598       62       48       14       34       29    9,060    0.460    0.583    0.910    0.933
diamond_I12_score_len           1  165,841       64       45       19       37       24    8,934    0.407    0.574    0.932    0.949
diamond_I12_score_orf           1  166,868       64       45       19       37       24    8,937    0.408    0.563    0.932    0.948
diamond_I12_near_best           1  166,871       64       46       18       37       24    8,948    0.409    0.583    0.931    0.948
blastn_I2_score_len             1  133,844       63       49       14       32       30    9,015    0.471    0.575    0.918    0.940
blastn_I2_score_orf             1  134,806       63       50       13       34       28    9,012    0.464    0.563    0.914    0.937
blastn_I2_near_best             1  135,141       62       49       13       33       30    9,048    0.468    0.573    0.913    0.935
blastn_I3_score_len             1  137,538       64       49       15       33       28    9,006    0.470    0.573    0.921    0.942
blastn_I3_near_best             1  138,724       62       47       15       35       28    9,035    0.468    0.571    0.917    0.939

change vs control (median)      n  contigs        C        S        D        F        M     uniq    score  optimal     good   proper
blastn_I12                     10   -3,102       -2       -3       +2       +0       +2      +45   +0.024   -0.002   -0.008   -0.005
candidate                      10   -6,874       +0       +2       -2       +0       +0      +32   +0.042   +0.010   -0.001   -0.001
control_protein                10   -1,028       +2       +0       +2       -0       +0      -76   -0.004   -0.002   +0.002   +0.002
blastn_I12_protein             10   -3,820       +1       -1       +4       -0       +0      -78   +0.018   -0.005   -0.002   -0.001
candidate_protein              10   -6,954       +1       +2       +1       -0       +0      -69   +0.032   +0.002   -0.004   -0.003
twotrack                       10  -14,788       +0      +26      -22       -0       +1      +79   -0.054   -0.073   -0.114   -0.104
